4.7937e-05 88.4
9.5874e-05 88.748
0.00014381 90.445
0.00019175 97.356
0.00023968 90.46
0.00028762 86.011
0.00033556 82.755
0.0003835 97.3
0.00043143 90.469
0.00047937 83.055
0.00052731 83.353
0.00057524 88.324
0.00062318 86.588
0.00067112 79.334
0.00071905 110.42
0.00076699 103.17
0.00081493 104.94
0.00086286 106.7
0.0009108 90.009
0.00095874 77.832
0.0010067 98.992
0.0010546 96.484
0.0011025 102.7
0.0011505 101.71
0.0011984 89.487
0.0012464 97.575
0.0012943 125.21
0.0013422 99.028
0.0013902 132.68
0.0014381 82.04
0.001486 116.69
0.001534 71.376
0.0015819 103.93
0.0016299 138.43
0.0016778 157.72
0.0017257 108.27
0.0017737 140.82
0.0018216 114.56
0.0018695 119.07
0.0019175 105.61
0.0019654 102.04
0.0020133 152.71
0.0020613 108.11
0.0021092 97.214
0.0021572 125.72
0.0022051 85.465
0.002253 133.2
0.002301 105.9
0.0023489 98.812
0.0023968 135.34
0.0024448 166.31
0.0024927 100.54
0.0025407 109.49
0.0025886 139.81
0.0026365 156.65
0.0026845 82.752
0.0027324 159.9
0.0027803 78.674
0.0028283 189.87
0.0028762 151.28
0.0029242 230.95
0.0029721 121.18
0.00302 170.56
0.003068 136.37
0.0031159 156.81
0.0031638 84.752
0.0032118 192.08
0.0032597 148.66
0.0033076 209.94
0.0033556 219.32
0.0034035 174.55
0.0034515 118.94
0.0034994 269.06
0.0035473 188.24
0.0035953 250.67
0.0036432 196.59
0.0036911 115.01
0.0037391 210.38
0.003787 274.95
0.003835 219.69
0.0038829 264.4
0.0039308 336.4
0.0039788 575.32
0.0040267 353.72
0.0040746 201.23
0.0041226 379.16
0.0041705 372.37
0.0042184 448.97
0.0042664 259.7
0.0043143 460.31
0.0043623 402.41
0.0044102 524.35
0.0044581 349.79
0.0045061 465.11
0.004554 317.23
0.0046019 420.64
0.0046499 534.01
0.0046978 336.46
0.0047458 369.06
0.0047937 554.24
0.0048416 233.03
0.0048896 423.94
0.0049375 736.02
0.0049854 552.11
0.0050334 339.44
0.0050813 270.82
0.0051292 308.42
0.0051772 240.67
0.0052251 652.53
0.0052731 337.32
0.005321 627.96
0.0053689 374.33
0.0054169 515.35
0.0054648 450.02
0.0055127 585.33
0.0055607 594.26
0.0056086 286.57
0.0056566 790.04
0.0057045 1363
0.0057524 495.44
0.0058004 673.88
0.0058483 648.24
0.0058962 682.67
0.0059442 916.48
0.0059921 693.19
0.00604 323.56
0.006088 382.92
0.0061359 580.6
0.0061839 729.21
0.0062318 451.67
0.0062797 351.15
0.0063277 427.01
0.0063756 449.72
0.0064235 401.88
0.0064715 399.47
0.0065194 360.06
0.0065674 793.35
0.0066153 522.57
0.0066632 352.79
0.0067112 505.2
0.0067591 509.94
0.006807 612.9
0.006855 676.89
0.0069029 350.36
0.0069509 846.72
0.0069988 769.07
0.0070467 746.01
0.0070947 1060.9
0.0071426 820.19
0.0071905 1331.1
0.0072385 789.69
0.0072864 1419.9
0.0073343 380.42
0.0073823 630.16
0.0074302 1451.4
0.0074782 1305.7
0.0075261 1106.5
0.007574 776.42
0.007622 1016.7
0.0076699 985.69
0.0077178 856
0.0077658 1322.3
0.0078137 1108.5
0.0078617 830.25
0.0079096 522.77
0.0079575 796.66
0.0080055 1201.6
0.0080534 718.89
0.0081013 683.13
0.0081493 1610.2
0.0081972 859.2
0.0082451 797.47
0.0082931 737.99
0.008341 989.49
0.008389 1090.8
0.0084369 589.38
0.0084848 846.88
0.0085328 757.61
0.0085807 915.82
0.0086286 354.67
0.0086766 996.6
0.0087245 855
0.0087725 587.9
0.0088204 1162.8
0.0088683 676
0.0089163 489.97
0.0089642 842.22
0.0090121 1047.7
0.0090601 1241.1
0.009108 881.36
0.0091559 627.01
0.0092039 452.8
0.0092518 1213
0.0092998 1221.6
0.0093477 977.35
0.0093956 865.15
0.0094436 1881
0.0094915 1074.8
0.0095394 900.52
0.0095874 1025.4
0.0096353 964.56
0.0096833 1098.2
0.0097312 1273.3
0.0097791 1402.6
0.0098271 1007.7
0.009875 915.32
0.0099229 449.41
0.0099709 451.83
0.010019 940.1
0.010067 873.92
0.010115 1317.8
0.010163 1140.5
0.010211 1610
0.010258 1347
0.010306 1371.9
0.010354 731.63
0.010402 1545.8
0.01045 864.64
0.010498 1028.1
0.010546 1477.3
0.010594 1287.4
0.010642 1538.8
0.01069 1721
0.010738 1419.5
0.010786 1356
0.010834 1222
0.010882 1233.9
0.01093 1052.9
0.010978 1331
0.011025 1464.7
0.011073 769.53
0.011121 1546.1
0.011169 1161.8
0.011217 682.32
0.011265 2686.4
0.011313 985.36
0.011361 1102.4
0.011409 1740.1
0.011457 1326.8
0.011505 1972.6
0.011553 933.56
0.011601 2646
0.011649 1077.7
0.011697 2928
0.011745 1001.5
0.011792 1732.8
0.01184 1325.9
0.011888 1945.8
0.011936 3155.8
0.011984 2726.4
0.012032 3856.2
0.01208 1289.1
0.012128 2499.3
0.012176 3113.5
0.012224 2932.3
0.012272 1799.2
0.01232 2739.7
0.012368 2950
0.012416 1852.2
0.012464 3017.1
0.012512 4850.6
0.012559 3144
0.012607 2045.1
0.012655 7218.8
0.012703 4652.1
0.012751 4631.7
0.012799 2218.4
0.012847 3445.1
0.012895 3967
0.012943 5226.3
0.012991 6339.6
0.013039 3084.6
0.013087 5412
0.013135 6798.1
0.013183 3513.3
0.013231 3134.2
0.013279 3979.5
0.013326 3523.8
0.013374 4598.9
0.013422 2994.8
0.01347 2131.1
0.013518 2754.9
0.013566 4666.6
0.013614 3982.8
0.013662 4188
0.01371 4064.7
0.013758 2752.8
0.013806 3253.5
0.013854 3848.5
0.013902 5557.1
0.01395 6677.1
0.013998 3140.5
0.014046 2486.3
0.014093 1966.4
0.014141 2210.4
0.014189 937.79
0.014237 3105.7
0.014285 2586.8
0.014333 2520.6
0.014381 2784.4
0.014429 3095.4
0.014477 2753.7
0.014525 5446.1
0.014573 5133.4
0.014621 2884.2
0.014669 1040.8
0.014717 2387.9
0.014765 7631.2
0.014813 3272.5
0.01486 4201.1
0.014908 3156.1
0.014956 4143.7
0.015004 2685.8
0.015052 1605.5
0.0151 3283.3
0.015148 4652.2
0.015196 2644.6
0.015244 4801.7
0.015292 4860.2
0.01534 5254.2
0.015388 3607.4
0.015436 2003.3
0.015484 5074.4
0.015532 3696.7
0.015579 2765.4
0.015627 2602.1
0.015675 2319.8
0.015723 2177.5
0.015771 5686.4
0.015819 4119.1
0.015867 8466.3
0.015915 3790.1
0.015963 4373.5
0.016011 7506.2
0.016059 3103.4
0.016107 6745.4
0.016155 6045.4
0.016203 8074.8
0.016251 5371.6
0.016299 7729.1
0.016346 3820.4
0.016394 5208.6
0.016442 7861.6
0.01649 5351
0.016538 6379.4
0.016586 5243.5
0.016634 2319.4
0.016682 5332.4
0.01673 2832.2
0.016778 2822.4
0.016826 7524.1
0.016874 10162
0.016922 4486.4
0.01697 5985.2
0.017018 8577.9
0.017066 5455
0.017113 4777.6
0.017161 3749.3
0.017209 4736.4
0.017257 4825.7
0.017305 8388.1
0.017353 5997
0.017401 8148
0.017449 5704.5
0.017497 2654.7
0.017545 7965
0.017593 3136.1
0.017641 3995.3
0.017689 2801.3
0.017737 6451.5
0.017785 10234
0.017833 4251
0.01788 5189.5
0.017928 8569.3
0.017976 6670
0.018024 4188
0.018072 7741.4
0.01812 7686.6
0.018168 7805.5
0.018216 9962.2
0.018264 10832
0.018312 3496.9
0.01836 7442.7
0.018408 11063
0.018456 8868.3
0.018504 10256
0.018552 9047.9
0.0186 5964
0.018647 10132
0.018695 10201
0.018743 8129.8
0.018791 13577
0.018839 4892.5
0.018887 16367
0.018935 11265
0.018983 24614
0.019031 14567
0.019079 8514.8
0.019127 4971.6
0.019175 22319
0.019223 14212
0.019271 12116
0.019319 12748
0.019367 6643.2
0.019414 19593
0.019462 15721
0.01951 15650
0.019558 13824
0.019606 11392
0.019654 28068
0.019702 21551
0.01975 19202
0.019798 7359.6
0.019846 12557
0.019894 5693.5
0.019942 15861
0.01999 10495
0.020038 26122
0.020086 26497
0.020133 10151
0.020181 11667
0.020229 21417
0.020277 10639
0.020325 46858
0.020373 29601
0.020421 19137
0.020469 24046
0.020517 6837.8
0.020565 33672
0.020613 63790
0.020661 26768
0.020709 19408
0.020757 18984
0.020805 31390
0.020853 65958
0.0209 13109
0.020948 38512
0.020996 14020
0.021044 19260
0.021092 23141
0.02114 29682
0.021188 22819
0.021236 13083
0.021284 22944
0.021332 18461
0.02138 34311
0.021428 15937
0.021476 18595
0.021524 21095
0.021572 56886
0.02162 26459
0.021667 36861
0.021715 60507
0.021763 36224
0.021811 29817
0.021859 9963.4
0.021907 12344
0.021955 14104
0.022003 17504
0.022051 15742
0.022099 22437
0.022147 33775
0.022195 44788
0.022243 33235
0.022291 33668
0.022339 37344
0.022387 38146
0.022434 12882
0.022482 22965
0.02253 25327
0.022578 40121
0.022626 22707
0.022674 27090
0.022722 10279
0.02277 17038
0.022818 33727
0.022866 65219
0.022914 23078
0.022962 49387
0.02301 54265
0.023058 27330
0.023106 45195
0.023154 55048
0.023201 13939
0.023249 23211
0.023297 20736
0.023345 58309
0.023393 54728
0.023441 96109
0.023489 78956
0.023537 1.4343e+05
0.023585 71303
0.023633 1.012e+05
0.023681 71665
0.023729 1.9026e+05
0.023777 62093
0.023825 89212
0.023873 1.5138e+05
0.023921 1.8083e+05
0.023968 1.8112e+05
0.024016 1.8542e+05
0.024064 1.7183e+05
0.024112 75521
0.02416 2.0202e+05
0.024208 1.4658e+05
0.024256 1.0177e+05
0.024304 1.2409e+05
0.024352 2.9674e+05
0.0244 3.0952e+05
0.024448 4.2876e+05
0.024496 7.5716e+05
0.024544 69589
0.024592 3.3751e+05
0.02464 6.0768e+05
0.024688 2.8446e+05
0.024735 5.7542e+05
0.024783 7.5957e+05
0.024831 6.094e+05
0.024879 1.3254e+06
0.024927 1.9574e+06
0.024975 1.1422e+06
0.025023 1.5002e+06
0.025071 1.2208e+06
0.025119 2.3493e+06
0.025167 2.4604e+06
0.025215 1.5077e+06
0.025263 2.5029e+06
0.025311 2.3012e+06
0.025359 5.1039e+06
0.025407 2.1936e+06
0.025454 7.0437e+06
0.025502 1.8463e+06
0.02555 1.937e+06
0.025598 3.6034e+06
0.025646 2.8845e+06
0.025694 4.3825e+06
0.025742 2.0921e+06
0.02579 4.9487e+06
0.025838 2.0092e+06
0.025886 3.5783e+06
0.025934 6.291e+06
0.025982 1.4116e+06
0.02603 1.9641e+06
0.026078 7.3157e+05
0.026126 1.2942e+06
0.026174 2.4731e+06
0.026221 1.2776e+06
0.026269 5.7394e+05
0.026317 1.0985e+06
0.026365 9.9957e+05
0.026413 6.6798e+05
0.026461 6.4879e+05
0.026509 5.0827e+05
0.026557 1.636e+05
0.026605 4.0947e+05
0.026653 4.3468e+05
0.026701 2.0797e+05
0.026749 5.4351e+05
0.026797 2.6344e+05
0.026845 2.941e+05
0.026893 2.7301e+05
0.026941 1.175e+05
0.026988 2.1927e+05
0.027036 1.1778e+05
0.027084 1.1906e+05
0.027132 2.205e+05
0.02718 44706
0.027228 59151
0.027276 74611
0.027324 33496
0.027372 72970
0.02742 55460
0.027468 28044
0.027516 59038
0.027564 1.049e+05
0.027612 68426
0.02766 60356
0.027708 85393
0.027755 43263
0.027803 32956
0.027851 65515
0.027899 20670
0.027947 16073
0.027995 93777
0.028043 25307
0.028091 23232
0.028139 42790
0.028187 37401
0.028235 23283
0.028283 23223
0.028331 65183
0.028379 31636
0.028427 41198
0.028475 17822
0.028522 30302
0.02857 29600
0.028618 36424
0.028666 10508
0.028714 25770
0.028762 20594
0.02881 17242
0.028858 15697
0.028906 14070
0.028954 39565
0.029002 35729
0.02905 14792
0.029098 23516
0.029146 17676
0.029194 17139
0.029242 16545
0.029289 27690
0.029337 14310
0.029385 10274
0.029433 8121
0.029481 13380
0.029529 19784
0.029577 7790
0.029625 17024
0.029673 11210
0.029721 13502
0.029769 11436
0.029817 9401.3
0.029865 9746.9
0.029913 6807.7
0.029961 11420
0.030008 9598.7
0.030056 17011
0.030104 13593
0.030152 11918
0.0302 10928
0.030248 11085
0.030296 9337.9
0.030344 8786.5
0.030392 9044.1
0.03044 12140
0.030488 26003
0.030536 19172
0.030584 5752.1
0.030632 13323
0.03068 2539.6
0.030728 10062
0.030775 12152
0.030823 32031
0.030871 14261
0.030919 13341
0.030967 13600
0.031015 12895
0.031063 27277
0.031111 26732
0.031159 14764
0.031207 12838
0.031255 13983
0.031303 17154
0.031351 11262
0.031399 18199
0.031447 18318
0.031495 30036
0.031542 21512
0.03159 14210
0.031638 38457
0.031686 24415
0.031734 16085
0.031782 29664
0.03183 17149
0.031878 13966
0.031926 29962
0.031974 36424
0.032022 18529
0.03207 49589
0.032118 36786
0.032166 28469
0.032214 46066
0.032262 33220
0.032309 30065
0.032357 50769
0.032405 17883
0.032453 15478
0.032501 65162
0.032549 19984
0.032597 31440
0.032645 11595
0.032693 23770
0.032741 34577
0.032789 17251
0.032837 32463
0.032885 44059
0.032933 27842
0.032981 16998
0.033029 16251
0.033076 18063
0.033124 16256
0.033172 37921
0.03322 41884
0.033268 15818
0.033316 30758
0.033364 36016
0.033412 11853
0.03346 24736
0.033508 21895
0.033556 13526
0.033604 21678
0.033652 26636
0.0337 15866
0.033748 33987
0.033796 23097
0.033843 29288
0.033891 32798
0.033939 29109
0.033987 44219
0.034035 62064
0.034083 48752
0.034131 57848
0.034179 31515
0.034227 1.0568e+05
0.034275 62734
0.034323 69918
0.034371 37811
0.034419 68215
0.034467 74340
0.034515 88362
0.034563 81800
0.03461 1.8996e+05
0.034658 40616
0.034706 79492
0.034754 1.6927e+05
0.034802 1.358e+05
0.03485 1.6547e+05
0.034898 1.8006e+05
0.034946 1.3921e+05
0.034994 3.0548e+05
0.035042 6.5504e+05
0.03509 3.5062e+05
0.035138 6.5014e+05
0.035186 1.3098e+06
0.035234 1.7655e+06
0.035282 1.5882e+06
0.035329 2.74e+06
0.035377 9.0874e+06
0.035425 6.8067e+06
0.035473 9.1894e+06
0.035521 9.9035e+06
0.035569 4.2383e+06
0.035617 2.3478e+06
0.035665 3.372e+06
0.035713 2.4461e+06
0.035761 1.7557e+06
0.035809 8.419e+05
0.035857 1.9848e+05
0.035905 1.784e+06
0.035953 2.2095e+05
0.036001 5.277e+05
0.036049 8.3671e+05
0.036096 9.8821e+05
0.036144 5.884e+05
0.036192 6.6187e+05
0.03624 1.1457e+06
0.036288 1.4669e+05
0.036336 2.6885e+05
0.036384 6.7241e+05
0.036432 1.8485e+06
0.03648 5.1713e+05
0.036528 4.5999e+05
0.036576 4.8022e+05
0.036624 3.2467e+05
0.036672 5.2627e+05
0.03672 2.3371e+05
0.036768 4.8702e+05
0.036816 5.2857e+05
0.036863 1.7428e+05
0.036911 3.0176e+05
0.036959 3.4632e+05
0.037007 2.4549e+05
0.037055 1.4949e+05
0.037103 1.1842e+05
0.037151 1.1807e+05
0.037199 1.1079e+05
0.037247 82154
0.037295 48679
0.037343 99638
0.037391 1.0674e+05
0.037439 19009
0.037487 51200
0.037535 60620
0.037583 83311
0.03763 16623
0.037678 34501
0.037726 41798
0.037774 38341
0.037822 27355
0.03787 22626
0.037918 7055
0.037966 21769
0.038014 16263
0.038062 20774
0.03811 10471
0.038158 52523
0.038206 12303
0.038254 30231
0.038302 25159
0.03835 15733
0.038397 14115
0.038445 24674
0.038493 8514
0.038541 20571
0.038589 6640.9
0.038637 22056
0.038685 12799
0.038733 7003.8
0.038781 21057
0.038829 22804
0.038877 9761.5
0.038925 14503
0.038973 18833
0.039021 13803
0.039069 5752.5
0.039117 11804
0.039164 11565
0.039212 9591.7
0.03926 8615.2
0.039308 14104
0.039356 5886.1
0.039404 11403
0.039452 8149.6
0.0395 9550.4
0.039548 10637
0.039596 9622.6
0.039644 13176
0.039692 7226.8
0.03974 9022.3
0.039788 2840.6
0.039836 10408
0.039884 7045.3
0.039931 6814.3
0.039979 5706.5
0.040027 2841.5
0.040075 6921.7
0.040123 12023
0.040171 10057
0.040219 6358.3
0.040267 5621.4
0.040315 8097.3
0.040363 10313
0.040411 4811.4
0.040459 6754.2
0.040507 7245.1
0.040555 11748
0.040603 13061
0.04065 10773
0.040698 12544
0.040746 12072
0.040794 7509.5
0.040842 20567
0.04089 8059.5
0.040938 8576.1
0.040986 9392.9
0.041034 9224.4
0.041082 11851
0.04113 10456
0.041178 6998.5
0.041226 6389.7
0.041274 9956.7
0.041322 9646.6
0.04137 8895.3
0.041417 6160.4
0.041465 8797.7
0.041513 11904
0.041561 17177
0.041609 7203.4
0.041657 12637
0.041705 29295
0.041753 8428.6
0.041801 15267
0.041849 8412.8
0.041897 7596.8
0.041945 6668.7
0.041993 10291
0.042041 22495
0.042089 16832
0.042137 11867
0.042184 17219
0.042232 18531
0.04228 14579
0.042328 16195
0.042376 31754
0.042424 15975
0.042472 27690
0.04252 28283
0.042568 38736
0.042616 22933
0.042664 73690
0.042712 17442
0.04276 33419
0.042808 55801
0.042856 13550
0.042904 43064
0.042951 51993
0.042999 52374
0.043047 65164
0.043095 65383
0.043143 29420
0.043191 62358
0.043239 1.36e+05
0.043287 41710
0.043335 1.8657e+05
0.043383 1.1446e+05
0.043431 1.7977e+05
0.043479 53492
0.043527 1.7246e+05
0.043575 3.4066e+05
0.043623 1.1385e+05
0.043671 3.7272e+05
0.043718 2.4218e+05
0.043766 4.0489e+05
0.043814 5.2341e+05
0.043862 8.5933e+05
0.04391 3.2994e+05
0.043958 1.0196e+06
0.044006 5.6185e+05
0.044054 3.4974e+05
0.044102 6.5182e+05
0.04415 2.6116e+06
0.044198 1.9174e+06
0.044246 2.3497e+06
0.044294 1.2395e+06
0.044342 2.847e+06
0.04439 3.2138e+06
0.044438 2.4626e+06
0.044485 1.3445e+06
0.044533 2.5817e+06
0.044581 1.2892e+06
0.044629 3.2029e+06
0.044677 1.4963e+06
0.044725 1.2352e+06
0.044773 2.8096e+06
0.044821 1.2971e+06
0.044869 2.4987e+06
0.044917 2.5887e+06
0.044965 3.5118e+06
0.045013 6.4042e+06
0.045061 5.1001e+06
0.045109 3.0696e+06
0.045157 8.3795e+05
0.045204 2.1215e+06
0.045252 6.7148e+05
0.0453 8.5658e+05
0.045348 7.8558e+05
0.045396 9.3084e+05
0.045444 5.1839e+05
0.045492 4.6746e+05
0.04554 2.5898e+05
0.045588 2.9559e+05
0.045636 6.7622e+05
0.045684 4.1387e+05
0.045732 4.2113e+05
0.04578 2.9675e+05
0.045828 2.3934e+05
0.045876 5.5542e+05
0.045924 1.2493e+05
0.045971 2.8747e+05
0.046019 1.9532e+05
0.046067 3.9837e+05
0.046115 1.9276e+05
0.046163 1.4294e+05
0.046211 2.561e+05
0.046259 1.2582e+05
0.046307 1.5048e+05
0.046355 2.2087e+05
0.046403 75221
0.046451 69522
0.046499 69408
0.046547 1.8288e+05
0.046595 1.2865e+05
0.046643 2.7917e+05
0.046691 3.9102e+05
0.046738 1.2138e+05
0.046786 64939
0.046834 53684
0.046882 1.5557e+05
0.04693 1.401e+05
0.046978 1.168e+05
0.047026 1.157e+05
0.047074 1.3142e+05
0.047122 1.9034e+05
0.04717 4.673e+05
0.047218 1.7179e+05
0.047266 1.2433e+05
0.047314 1.529e+05
0.047362 2.5554e+05
0.04741 1.2932e+05
0.047458 79927
0.047505 1.2703e+05
0.047553 1.339e+05
0.047601 1.2507e+05
0.047649 86572
0.047697 1.7209e+05
0.047745 53136
0.047793 1.672e+05
0.047841 95950
0.047889 2.0337e+05
0.047937 1.1796e+05
0.047985 1.1089e+05
0.048033 1.9479e+05
0.048081 88342
0.048129 76799
0.048177 77914
0.048225 61748
0.048272 1.6775e+05
0.04832 93547
0.048368 12365
0.048416 35823
0.048464 52508
0.048512 60897
0.04856 62270
0.048608 43974
0.048656 97992
0.048704 44750
0.048752 94755
0.0488 25786
0.048848 49119
0.048896 63609
0.048944 86503
0.048992 61087
0.049039 80483
0.049087 72499
0.049135 53275
0.049183 68907
0.049231 1.4349e+05
0.049279 72658
0.049327 49838
0.049375 1.411e+05
0.049423 2.184e+05
0.049471 72725
0.049519 81270
0.049567 61860
0.049615 44950
0.049663 64295
0.049711 26778
0.049759 38073
0.049806 23859
0.049854 62664
0.049902 3640
0.04995 34963
0.049998 13779
0.050046 15308
0.050094 9485.7
0.050142 28417
0.05019 18216
0.050238 11939
0.050286 16612
0.050334 6097.7
0.050382 11308
0.05043 17425
0.050478 9481.8
0.050525 11378
0.050573 9693.4
0.050621 7862.9
0.050669 16318
0.050717 5879.1
0.050765 8603.9
0.050813 11085
0.050861 8196.5
0.050909 8475.7
0.050957 12599
0.051005 8809.8
0.051053 4588.1
0.051101 5928.6
0.051149 4569
0.051197 7303.9
0.051245 15146
0.051292 5716.1
0.05134 10145
0.051388 7061.6
0.051436 7428.4
0.051484 14411
0.051532 11085
0.05158 10585
0.051628 12855
0.051676 25439
0.051724 19167
0.051772 21152
0.05182 21644
0.051868 8429
0.051916 36810
0.051964 18602
0.052012 9730.5
0.052059 37821
0.052107 25641
0.052155 16377
0.052203 36154
0.052251 29006
0.052299 47491
0.052347 35650
0.052395 30942
0.052443 33220
0.052491 17751
0.052539 12605
0.052587 31479
0.052635 44906
0.052683 49053
0.052731 29979
0.052779 50017
0.052826 22313
0.052874 55152
0.052922 67357
0.05297 22721
0.053018 44576
0.053066 25618
0.053114 22409
0.053162 64622
0.05321 29418
0.053258 50014
0.053306 61655
0.053354 29281
0.053402 51726
0.05345 35871
0.053498 35140
0.053546 18339
0.053593 21952
0.053641 47332
0.053689 23776
0.053737 13851
0.053785 32547
0.053833 33083
0.053881 24181
0.053929 24535
0.053977 23435
0.054025 14790
0.054073 24417
0.054121 24487
0.054169 18065
0.054217 10583
0.054265 10972
0.054313 12949
0.05436 8019.6
0.054408 9650.4
0.054456 14622
0.054504 6383.5
0.054552 16986
0.0546 22082
0.054648 6361.1
0.054696 12920
0.054744 22240
0.054792 5019.1
0.05484 14413
0.054888 14219
0.054936 4799.1
0.054984 15437
0.055032 10995
0.055079 7476.7
0.055127 14460
0.055175 30980
0.055223 8183.7
0.055271 12132
0.055319 4335.3
0.055367 16125
0.055415 8399.9
0.055463 10578
0.055511 7564.1
0.055559 18377
0.055607 15448
0.055655 12579
0.055703 12718
0.055751 11243
0.055799 19677
0.055846 9178.9
0.055894 6672.9
0.055942 33674
0.05599 15041
0.056038 9774.2
0.056086 14952
0.056134 7984.4
0.056182 13260
0.05623 9132.5
0.056278 19154
0.056326 25499
0.056374 14670
0.056422 23169
0.05647 9768.8
0.056518 12446
0.056566 30153
0.056613 8810.3
0.056661 16040
0.056709 12362
0.056757 6910.3
0.056805 11930
0.056853 6082
0.056901 5201.3
0.056949 9616.9
0.056997 9077.2
0.057045 11019
0.057093 6129.1
0.057141 4556
0.057189 4473.5
0.057237 8168
0.057285 8850.7
0.057333 5265.6
0.05738 8341.2
0.057428 5346
0.057476 6515.2
0.057524 4405.2
0.057572 7087.9
0.05762 8115.1
0.057668 5575.3
0.057716 3953.2
0.057764 5718.5
0.057812 3140.6
0.05786 2838.5
0.057908 5046.5
0.057956 4681.3
0.058004 3527.2
0.058052 4989.6
0.0581 6731.6
0.058147 6531.2
0.058195 4596.3
0.058243 6545.6
0.058291 5484.9
0.058339 9826.5
0.058387 9710.7
0.058435 7059.6
0.058483 10195
0.058531 13850
0.058579 11585
0.058627 6021.2
0.058675 9002.6
0.058723 4834.9
0.058771 7201.9
0.058819 6978.3
0.058867 8516.3
0.058914 2664.9
0.058962 6135.8
0.05901 9690.1
0.059058 10949
0.059106 5553.8
0.059154 5759.7
0.059202 5969.7
0.05925 6953.7
0.059298 4044
0.059346 8065.7
0.059394 8576
0.059442 10001
0.05949 11076
0.059538 6719.3
0.059586 4397.2
0.059634 5045.1
0.059681 5070.8
0.059729 9791
0.059777 8723.2
0.059825 7631.3
0.059873 14002
0.059921 8225.9
0.059969 9096.7
0.060017 14312
0.060065 12043
0.060113 10260
0.060161 28594
0.060209 18999
0.060257 20187
0.060305 17957
0.060353 16734
0.0604 8419.8
0.060448 11169
0.060496 10629
0.060544 34834
0.060592 6366.8
0.06064 11464
0.060688 18346
0.060736 14603
0.060784 11284
0.060832 9952.2
0.06088 9457.4
0.060928 16389
0.060976 12264
0.061024 11210
0.061072 11364
0.06112 11240
0.061167 7224.6
0.061215 25092
0.061263 9381.3
0.061311 14171
0.061359 10751
0.061407 3648.1
0.061455 11376
0.061503 11003
0.061551 8562.4
0.061599 5739.6
0.061647 4230.1
0.061695 8843.5
0.061743 10928
0.061791 5648.8
0.061839 13342
0.061887 5296
0.061934 10603
0.061982 4011.5
0.06203 4872.7
0.062078 5684.8
0.062126 3177.7
0.062174 3755.3
0.062222 3939.2
0.06227 3395.9
0.062318 5308.6
0.062366 3453.1
0.062414 3545.9
0.062462 7532.5
0.06251 1898.4
0.062558 6593.5
0.062606 5431.8
0.062654 2911.1
0.062701 4023.5
0.062749 2488.1
0.062797 2838.5
0.062845 2689.1
0.062893 1939.4
0.062941 1584.7
0.062989 2457.8
0.063037 1252.9
0.063085 2140.2
0.063133 1447.5
0.063181 3701
0.063229 2682.3
0.063277 1654.1
0.063325 1531.3
0.063373 1458.3
0.063421 1879.5
0.063468 3073.2
0.063516 2123.5
0.063564 2575
0.063612 2855
0.06366 2592.4
0.063708 1963
0.063756 5530.9
0.063804 2297.8
0.063852 3985.6
0.0639 10071
0.063948 8915.9
0.063996 6273.4
0.064044 4849.5
0.064092 6820.4
0.06414 10226
0.064188 7022.8
0.064235 6652.7
0.064283 8823.3
0.064331 6886.2
0.064379 7537.2
0.064427 5281.9
0.064475 5088.8
0.064523 10005
0.064571 4638.9
0.064619 5771.2
0.064667 6843.7
0.064715 7258.3
0.064763 7844.6
0.064811 8399.6
0.064859 10012
0.064907 10179
0.064954 5908.8
0.065002 5316.7
0.06505 6782.5
0.065098 4522.5
0.065146 13895
0.065194 5094.7
0.065242 5956.8
0.06529 5792.8
0.065338 6357.1
0.065386 3231
0.065434 6787.5
0.065482 4084.9
0.06553 3568.3
0.065578 3334.9
0.065626 5520.2
0.065674 3306.5
0.065721 2952.2
0.065769 3134.1
0.065817 2957.2
0.065865 2482.3
0.065913 3795.9
0.065961 4496.4
0.066009 5775.1
0.066057 4331.9
0.066105 2065.1
0.066153 2085.1
0.066201 4005.2
0.066249 5473.2
0.066297 3064.9
0.066345 7008.8
0.066393 12589
0.066441 9451
0.066488 10094
0.066536 5394.5
0.066584 5151.7
0.066632 7582.4
0.06668 6942.4
0.066728 5786.1
0.066776 5702.8
0.066824 5005.5
0.066872 8222.8
0.06692 6021.6
0.066968 5260.5
0.067016 4807.8
0.067064 3062
0.067112 3798.4
0.06716 4339.7
0.067208 2973.6
0.067255 2771.5
0.067303 2129.5
0.067351 3349.8
0.067399 6095.6
0.067447 2225.9
0.067495 3539.8
0.067543 4546.8
0.067591 2292.1
0.067639 2763.1
0.067687 2670.6
0.067735 2269.9
0.067783 3298.8
0.067831 9107.9
0.067879 1875.4
0.067927 5466.5
0.067975 7754.8
0.068022 4555.4
0.06807 7880.7
0.068118 6913.4
0.068166 7658.8
0.068214 4083.2
0.068262 6416.9
0.06831 3606.4
0.068358 4925.1
0.068406 6473.2
0.068454 4404.7
0.068502 3227.9
0.06855 4189.7
0.068598 5416.1
0.068646 3708.6
0.068694 3069.3
0.068742 7581
0.068789 6276.3
0.068837 5305.4
0.068885 4961
0.068933 3711.9
0.068981 4260.5
0.069029 4820
0.069077 3070.8
0.069125 5001.5
0.069173 7469
0.069221 7325.6
0.069269 3958
0.069317 6204
0.069365 3376.7
0.069413 7597.5
0.069461 5243.4
0.069509 2712.4
0.069556 5309.7
0.069604 2565.9
0.069652 5429.1
0.0697 3637.2
0.069748 4440.4
0.069796 3184.3
0.069844 5283.4
0.069892 4046
0.06994 1377.3
0.069988 3187.1
0.070036 4546.7
0.070084 3064.3
0.070132 1466.7
0.07018 2256.2
0.070228 3727
0.070275 3507.1
0.070323 1826
0.070371 1300.7
0.070419 2222.7
0.070467 2657.5
0.070515 2545.8
0.070563 1737.3
0.070611 2165.1
0.070659 2286.3
0.070707 2050.6
0.070755 3751.6
0.070803 1887.5
0.070851 2819.5
0.070899 1750.6
0.070947 2321.7
0.070995 2515.8
0.071042 2295.5
0.07109 2815.6
0.071138 5378.9
0.071186 2513.1
0.071234 2567.4
0.071282 3606.1
0.07133 2849.9
0.071378 2586.1
0.071426 6451.2
0.071474 4983.7
0.071522 4261.5
0.07157 2716.1
0.071618 3756.4
0.071666 2530.8
0.071714 2758.1
0.071762 5335.4
0.071809 3012.1
0.071857 3347.6
0.071905 5151
0.071953 6809.4
0.072001 8827.9
0.072049 4025.4
0.072097 4366.2
0.072145 7937.2
0.072193 4959.3
0.072241 7287.8
0.072289 13243
0.072337 6476.8
0.072385 9138.2
0.072433 7808.5
0.072481 10569
0.072529 5537.1
0.072576 4958.7
0.072624 2361.5
0.072672 3781.3
0.07272 3838.7
0.072768 2308.9
0.072816 2840.4
0.072864 4555.1
0.072912 3912.7
0.07296 3186.7
0.073008 3858.2
0.073056 1612.4
0.073104 3244.7
0.073152 3658.4
0.0732 1838.7
0.073248 3009.6
0.073296 2393.2
0.073343 2833.6
0.073391 3116.8
0.073439 3658
0.073487 2459.5
0.073535 2132.7
0.073583 2464.9
0.073631 4632.4
0.073679 2827.7
0.073727 2443.2
0.073775 2224.9
0.073823 2652
0.073871 1974.9
0.073919 2653.4
0.073967 1328.5
0.074015 1558.5
0.074063 3210
0.07411 1815
0.074158 1729.8
0.074206 1446.4
0.074254 1442.9
0.074302 1656.6
0.07435 1639.6
0.074398 2316.9
0.074446 2333.6
0.074494 2369.4
0.074542 2283.5
0.07459 1695.9
0.074638 1227
0.074686 1245.8
0.074734 2054.8
0.074782 1086.6
0.07483 1469.9
0.074877 1513.7
0.074925 777.26
0.074973 1620.9
0.075021 1487.4
0.075069 2212.4
0.075117 1556.2
0.075165 1494
0.075213 1888.7
0.075261 1715.7
0.075309 1733.8
0.075357 1133.1
0.075405 1108.7
0.075453 1436.7
0.075501 1378
0.075549 2129.1
0.075596 1441.8
0.075644 1550.2
0.075692 2230.6
0.07574 1219.1
0.075788 1093.6
0.075836 1506.9
0.075884 1793
0.075932 2249.8
0.07598 2214
0.076028 1985.7
0.076076 1539.4
0.076124 1720.8
0.076172 1338.2
0.07622 2177.5
0.076268 3080.6
0.076316 1934.8
0.076363 1339.4
0.076411 1708.6
0.076459 1271.5
0.076507 2147.5
0.076555 2093.4
0.076603 2254.1
0.076651 2598.1
0.076699 2529.6
0.076747 2077.7
0.076795 1340.1
0.076843 1512.2
0.076891 1031.9
0.076939 1182.3
0.076987 3387.9
0.077035 2847.1
0.077083 2465.6
0.07713 1757.1
0.077178 2037.6
0.077226 1689.7
0.077274 1532.3
0.077322 2541.6
0.07737 1508
0.077418 1221.7
0.077466 1481.4
0.077514 1319.8
0.077562 1437.5
0.07761 1180.6
0.077658 1151.5
0.077706 1042.7
0.077754 1319.7
0.077802 1167.7
0.07785 1436.8
0.077897 1942
0.077945 1806.5
0.077993 1340.7
0.078041 968.26
0.078089 2245.1
0.078137 1533.3
0.078185 2643.6
0.078233 2168.2
0.078281 2618
0.078329 2205.7
0.078377 1647.8
0.078425 2243.7
0.078473 3013.1
0.078521 2776.9
0.078569 1052.1
0.078617 2189.9
0.078664 2657.5
0.078712 3266.6
0.07876 3080.2
0.078808 1799.6
0.078856 2418.5
0.078904 1345.2
0.078952 1451.4
0.079 2999.1
0.079048 1997.6
0.079096 2138
0.079144 1822.2
0.079192 2677.1
0.07924 3344.7
0.079288 2513.2
0.079336 2491
0.079384 3487.3
0.079431 2489.1
0.079479 4112.4
0.079527 2902.6
0.079575 1973.2
0.079623 2720.3
0.079671 2607.2
0.079719 2261.8
0.079767 2111.4
0.079815 2199.7
0.079863 1443.2
0.079911 2161.3
0.079959 2975.6
0.080007 2647.8
0.080055 2231.2
0.080103 2867.2
0.08015 1708.9
0.080198 2332.7
0.080246 1518.9
0.080294 1920.4
0.080342 2607.7
0.08039 901.03
0.080438 3062.8
0.080486 1843.4
0.080534 1832.6
0.080582 2764
0.08063 4249
0.080678 1842.3
0.080726 2346.4
0.080774 2840.1
0.080822 3133.5
0.08087 1416.6
0.080917 3690
0.080965 1278.2
0.081013 1976.1
0.081061 1994.8
0.081109 1238.5
0.081157 3377.5
0.081205 2689.2
0.081253 3027.9
0.081301 2868.1
0.081349 3406.2
0.081397 2104.2
0.081445 2448.7
0.081493 1524
0.081541 969.31
0.081589 798.55
0.081637 1923.1
0.081684 1279.2
0.081732 1368.1
0.08178 1690.1
0.081828 1556.2
0.081876 1358.1
0.081924 1780.5
0.081972 1548.3
0.08202 1216.2
0.082068 948.15
0.082116 765.86
0.082164 1062.7
0.082212 1013
0.08226 1339.4
0.082308 776.21
0.082356 1203
0.082404 940.57
0.082451 1013.4
0.082499 1229.4
0.082547 1111
0.082595 988.14
0.082643 1011.8
0.082691 1087.4
0.082739 1172.3
0.082787 1521.4
0.082835 1217
0.082883 859.16
0.082931 964.17
0.082979 1220
0.083027 1094.9
0.083075 897.28
0.083123 599.93
0.083171 738.66
0.083218 535.13
0.083266 1400.4
0.083314 681.65
0.083362 1277.6
0.08341 913.39
0.083458 973.13
0.083506 682.69
0.083554 1083.7
0.083602 1146.5
0.08365 681.5
0.083698 949.98
0.083746 1181.5
0.083794 748.51
0.083842 1002
0.08389 671.25
0.083938 1118.8
0.083985 1218.1
0.084033 2171
0.084081 1158.2
0.084129 692.82
0.084177 1391.2
0.084225 1389.2
0.084273 874.12
0.084321 802.35
0.084369 1504.2
0.084417 1484
0.084465 2585
0.084513 1136.7
0.084561 1682
0.084609 1240.7
0.084657 979.07
0.084705 1945.7
0.084752 2736
0.0848 2031.9
0.084848 2022.7
0.084896 1792.1
0.084944 1638.2
0.084992 2541.1
0.08504 2620.3
0.085088 1632.7
0.085136 1839.5
0.085184 3225.2
0.085232 1242.8
0.08528 1703.1
0.085328 1486.6
0.085376 2071.9
0.085424 2210.4
0.085471 1404.1
0.085519 1724.5
0.085567 1768.5
0.085615 880.4
0.085663 1609.8
0.085711 1821
0.085759 926.78
0.085807 1062.5
0.085855 1805.4
0.085903 1591.3
0.085951 1097.8
0.085999 1595.1
0.086047 2187.1
0.086095 732.54
0.086143 675.27
0.086191 932.01
0.086238 739.65
0.086286 1543.3
0.086334 764.87
0.086382 812.39
0.08643 1016.5
0.086478 562.81
0.086526 770.05
0.086574 443.41
0.086622 866.39
0.08667 882.41
0.086718 725.37
0.086766 725.67
0.086814 821.17
0.086862 1141.7
0.08691 596.76
0.086958 469.44
0.087005 887.69
0.087053 505.21
0.087101 491.67
0.087149 728.92
0.087197 488.25
0.087245 475.76
0.087293 491.49
0.087341 535.91
0.087389 278.59
0.087437 366.8
0.087485 541.08
0.087533 780.61
0.087581 817.01
0.087629 521.29
0.087677 1035.1
0.087725 736.03
0.087772 383.7
0.08782 479.66
0.087868 1025.5
0.087916 582.42
0.087964 573.15
0.088012 351.92
0.08806 551.3
0.088108 647.75
0.088156 585.64
0.088204 695.19
0.088252 797.44
0.0883 402.32
0.088348 570.23
0.088396 219.29
0.088444 812.1
0.088492 911.65
0.088539 682.08
0.088587 590.64
0.088635 665.56
0.088683 706.3
0.088731 342.14
0.088779 1056.8
0.088827 648.36
0.088875 1132.9
0.088923 983.1
0.088971 1042.8
0.089019 1368.1
0.089067 975.03
0.089115 1196.1
0.089163 894.54
0.089211 972.5
0.089259 405.54
0.089306 443.53
0.089354 1077.4
0.089402 500.41
0.08945 668.82
0.089498 853.66
0.089546 1142.5
0.089594 1045.1
0.089642 1383.8
0.08969 869.13
0.089738 1198.9
0.089786 911.98
0.089834 820.02
0.089882 648.43
0.08993 1207.1
0.089978 810.73
0.090025 593.42
0.090073 851.28
0.090121 600.68
0.090169 590.03
0.090217 478.64
0.090265 873.07
0.090313 837.65
0.090361 404.02
0.090409 547.22
0.090457 720.65
0.090505 514.22
0.090553 425.22
0.090601 482.73
0.090649 1079.9
0.090697 465.3
0.090745 543.33
0.090792 354.98
0.09084 384.77
0.090888 423.47
0.090936 327.52
0.090984 369.45
0.091032 254.33
0.09108 677.52
0.091128 414.89
0.091176 396.72
0.091224 454.91
0.091272 589.35
0.09132 791.1
0.091368 335.15
0.091416 313.61
0.091464 992.19
0.091512 327.91
0.091559 532.92
0.091607 554.91
0.091655 358.91
0.091703 320.84
0.091751 765.19
0.091799 327.87
0.091847 511.42
0.091895 612.14
0.091943 994.75
0.091991 907.46
0.092039 280.74
0.092087 729.57
0.092135 586.23
0.092183 512.48
0.092231 660.32
0.092279 564.13
0.092326 408.65
0.092374 623.95
0.092422 1079.6
0.09247 392.08
0.092518 431.09
0.092566 347.07
0.092614 505.71
0.092662 1100.2
0.09271 767.95
0.092758 1143.8
0.092806 815.59
0.092854 914.49
0.092902 748.92
0.09295 458.13
0.092998 728.97
0.093046 490.13
0.093093 795.88
0.093141 587.71
0.093189 511.25
0.093237 487.34
0.093285 435.86
0.093333 300.98
0.093381 602.08
0.093429 345.74
0.093477 569.5
0.093525 341.02
0.093573 290.48
0.093621 605.64
0.093669 617.97
0.093717 370.75
0.093765 300.17
0.093813 353.3
0.09386 439.78
0.093908 487.17
0.093956 432.71
0.094004 301.04
0.094052 833.66
0.0941 698.46
0.094148 398.09
0.094196 614.49
0.094244 617.4
0.094292 550.78
0.09434 531.66
0.094388 484.37
0.094436 605.31
0.094484 392.09
0.094532 570.45
0.09458 346.53
0.094627 566.76
0.094675 833.53
0.094723 503.08
0.094771 535.88
0.094819 247.46
0.094867 436.74
0.094915 318.38
0.094963 317.03
0.095011 752.7
0.095059 342.49
0.095107 408.37
0.095155 491.98
0.095203 604.47
0.095251 469.64
0.095299 407.77
0.095346 701.6
0.095394 552.81
0.095442 508.9
0.09549 408.93
0.095538 391.16
0.095586 609.7
0.095634 753.82
0.095682 758.49
0.09573 431.78
0.095778 293.16
0.095826 564.34
0.095874 406.69
0.095922 387.28
0.09597 572.84
0.096018 653.4
0.096066 405.11
0.096113 281.31
0.096161 338.64
0.096209 240.66
0.096257 400.53
0.096305 373.9
0.096353 280.58
0.096401 165.44
0.096449 631.79
0.096497 358.81
0.096545 543.41
0.096593 477.51
0.096641 373.02
0.096689 239.38
0.096737 647.38
0.096785 383.17
0.096833 334.54
0.09688 453.72
0.096928 469.56
0.096976 281.58
0.097024 363.96
0.097072 321.1
0.09712 811.39
0.097168 258.63
0.097216 570.38
0.097264 339.27
0.097312 257.28
0.09736 219.38
0.097408 410.31
0.097456 226.76
0.097504 430.05
0.097552 294.36
0.0976 341.4
0.097647 221.38
0.097695 427.22
0.097743 427.83
0.097791 310.05
0.097839 398.01
0.097887 260.24
0.097935 283.08
0.097983 312.85
0.098031 328.47
0.098079 431.03
0.098127 455.58
0.098175 279.19
0.098223 588.04
0.098271 233.67
0.098319 244.3
0.098367 360.86
0.098414 220.89
0.098462 230.18
0.09851 175.24
0.098558 372.26
0.098606 168.23
0.098654 152.08
0.098702 266.82
0.09875 173.38
0.098798 127.04
0.098846 185.55
0.098894 308.2
0.098942 172.22
0.09899 176.55
0.099038 350.17
0.099086 268.7
0.099134 291.8
0.099181 226.71
0.099229 267.05
0.099277 135.29
0.099325 165.36
0.099373 239.27
0.099421 249.97
0.099469 179.32
0.099517 178.82
0.099565 101.62
0.099613 162.45
0.099661 183.99
0.099709 217.72
0.099757 313.39
0.099805 175
0.099853 245.44
0.0999 143.48
0.099948 140.34
0.099996 109.19
0.10004 286.48
0.10009 178.49
0.10014 202.93
0.10019 80.862
0.10024 164.43
0.10028 169.71
0.10033 175.18
0.10038 125.61
0.10043 279.06
0.10048 119.09
0.10052 152.38
0.10057 168.59
0.10062 140.24
0.10067 68.419
0.10072 76.591
0.10076 97.165
0.10081 145.63
0.10086 153.08
0.10091 147.67
0.10096 204.81
0.101 135.78
0.10105 111.19
0.1011 78.512
0.10115 80.626
0.10119 144.09
0.10124 161.31
0.10129 78.86
0.10134 107.6
0.10139 75.562
0.10143 106.89
0.10148 158.98
0.10153 206.1
0.10158 132.06
0.10163 127.55
0.10167 171.72
0.10172 139.15
0.10177 139.93
0.10182 107.57
0.10187 127.3
0.10191 64.129
0.10196 66.192
0.10201 70.372
0.10206 141.25
0.10211 125.36
0.10215 114.62
0.1022 99.351
0.10225 160.26
0.1023 112.3
0.10235 99.847
0.10239 114.32
0.10244 76.457
0.10249 143.78
0.10254 128.54
0.10258 102.99
0.10263 80.753
0.10268 150.29
0.10273 83.328
0.10278 75.363
0.10282 61.077
0.10287 94.065
0.10292 119.94
0.10297 81.381
0.10302 128.72
0.10306 69.037
0.10311 127.59
0.10316 61.984
0.10321 163.09
0.10326 51.619
0.1033 133.33
0.10335 54.09
0.1034 39.28
0.10345 52.628
0.1035 58.593
0.10354 90.531
0.10359 155.3
0.10364 89.676
0.10369 96.304
0.10374 55.66
0.10378 72.217
0.10383 138.82
0.10388 93.342
0.10393 98.785
0.10398 100.42
0.10402 62.824
0.10407 117.45
0.10412 42.889
0.10417 89.828
0.10421 99.94
0.10426 67.869
0.10431 84.145
0.10436 86.717
0.10441 148.82
0.10445 86.506
0.1045 92.139
0.10455 110.95
0.1046 75.508
0.10465 121.03
0.10469 129.7
0.10474 66.473
0.10479 57.682
0.10484 56.086
0.10489 76.541
0.10493 130.9
0.10498 114.05
0.10503 56.907
0.10508 77.944
0.10513 84.796
0.10517 94.526
0.10522 76.427
0.10527 46.116
0.10532 112.11
0.10537 41.938
0.10541 56.918
0.10546 85.207
0.10551 63.732
0.10556 101.88
0.1056 79.929
0.10565 91.311
0.1057 102.87
0.10575 77.025
0.1058 80.923
0.10584 52.787
0.10589 124.08
0.10594 79.261
0.10599 33.873
0.10604 88.661
0.10608 99.146
0.10613 64.404
0.10618 48.372
0.10623 57.739
0.10628 78.737
0.10632 123.68
0.10637 52.262
0.10642 42.097
0.10647 58.167
0.10652 36.32
0.10656 42.169
0.10661 60.274
0.10666 33.446
0.10671 78.598
0.10676 44.532
0.1068 34.175
0.10685 59.474
0.1069 50.76
0.10695 87.706
0.107 62.735
0.10704 74.476
0.10709 77.751
0.10714 77.183
0.10719 96.401
0.10723 48.018
0.10728 65.805
0.10733 59.732
0.10738 55.63
0.10743 39.911
0.10747 62.465
0.10752 64.252
0.10757 47.19
0.10762 62.575
0.10767 68.569
0.10771 51.629
0.10776 41.428
0.10781 63.393
0.10786 53.437
0.10791 89.125
0.10795 94.961
0.108 69.419
0.10805 62.894
0.1081 41.934
0.10815 29.519
0.10819 58.262
0.10824 22.227
0.10829 85.424
0.10834 99.289
0.10839 56.634
0.10843 69.325
0.10848 80.352
0.10853 74.513
0.10858 61.309
0.10863 53.956
0.10867 24.772
0.10872 32.45
0.10877 51.96
0.10882 38.77
0.10886 52.55
0.10891 33.745
0.10896 49.833
0.10901 47.577
0.10906 73.423
0.1091 61.758
0.10915 57.123
0.1092 65.02
0.10925 38.546
0.1093 27.391
0.10934 31.37
0.10939 88.659
0.10944 50.66
0.10949 43.673
0.10954 53.186
0.10958 51.168
0.10963 44.75
0.10968 38.142
0.10973 65.742
0.10978 32.663
0.10982 38.37
0.10987 77.751
0.10992 55.429
0.10997 53.909
0.11002 48.088
0.11006 50.243
0.11011 54.979
0.11016 70.925
0.11021 64.632
0.11025 31.284
0.1103 35.532
0.11035 66.589
0.1104 42.192
0.11045 30.918
0.11049 42.596
0.11054 59.465
0.11059 49.561
0.11064 33.407
0.11069 44
0.11073 47.291
0.11078 56.158
0.11083 37.775
0.11088 37.91
0.11093 36.535
0.11097 40.706
0.11102 34.917
0.11107 86.265
0.11112 39.552
0.11117 40.566
0.11121 28.276
0.11126 35.821
0.11131 67.478
0.11136 36.336
0.11141 28.086
0.11145 32.419
0.1115 60.068
0.11155 51.54
0.1116 57.673
0.11165 42.218
0.11169 48.263
0.11174 29.526
0.11179 29.731
0.11184 37.499
0.11188 41.571
0.11193 34.855
0.11198 26.993
0.11203 47.594
0.11208 41.097
0.11212 48.475
0.11217 27.758
0.11222 36.926
0.11227 55.033
0.11232 51.944
0.11236 30.054
0.11241 50.055
0.11246 35.131
0.11251 46.418
0.11256 33.444
0.1126 35.737
0.11265 53.39
0.1127 45.746
0.11275 36.134
0.1128 29.223
0.11284 51.435
0.11289 44.889
0.11294 52.811
0.11299 27.639
0.11304 62.647
0.11308 46.277
0.11313 25.238
0.11318 24.202
0.11323 16.607
0.11327 36.018
0.11332 58.047
0.11337 57.528
0.11342 64.495
0.11347 30.698
0.11351 38.086
0.11356 23.515
0.11361 42.437
0.11366 34.845
0.11371 51.882
0.11375 48.477
0.1138 23.495
0.11385 50.01
0.1139 42.278
0.11395 27.852
0.11399 48.355
0.11404 54.841
0.11409 40.503
0.11414 33.693
0.11419 25.959
0.11423 31.39
0.11428 26.227
0.11433 35.238
0.11438 39.917
0.11443 67.316
0.11447 31.224
0.11452 31.767
0.11457 62.358
0.11462 24.035
0.11467 25.325
0.11471 34.486
0.11476 27.841
0.11481 78.529
0.11486 34.884
0.1149 19.99
0.11495 54.934
0.115 36.883
0.11505 21.852
0.1151 48.572
0.11514 33.165
0.11519 36.289
0.11524 37.552
0.11529 20.19
0.11534 23.884
0.11538 23.788
0.11543 24.223
0.11548 13.537
0.11553 36.377
0.11558 32.895
0.11562 24.179
0.11567 27.972
0.11572 52.03
0.11577 16.156
0.11582 33.949
0.11586 17.96
0.11591 27.041
0.11596 28.19
0.11601 15.607
0.11606 38.624
0.1161 22.318
0.11615 24.407
0.1162 20.121
0.11625 37.765
0.11629 28.804
0.11634 37.635
0.11639 32.102
0.11644 22.88
0.11649 26.497
0.11653 24.064
0.11658 51.234
0.11663 33.262
0.11668 45.046
0.11673 22.926
0.11677 35.826
0.11682 60.558
0.11687 31.134
0.11692 27.412
0.11697 29.248
0.11701 35.207
0.11706 27.298
0.11711 47.124
0.11716 28.854
0.11721 41.542
0.11725 38.44
0.1173 38.574
0.11735 13.363
0.1174 28.647
0.11745 33.001
0.11749 35.519
0.11754 20.644
0.11759 36.386
0.11764 20.339
0.11769 31.538
0.11773 26.125
0.11778 10.712
0.11783 34.127
0.11788 24.796
0.11792 42.198
0.11797 27.852
0.11802 25.753
0.11807 37.287
0.11812 16.943
0.11816 22.437
0.11821 23.952
0.11826 12.3
0.11831 20.224
0.11836 32.734
0.1184 23.084
0.11845 20.433
0.1185 18.772
0.11855 31.695
0.1186 23.915
0.11864 24.501
0.11869 25.395
0.11874 18.327
0.11879 24.102
0.11884 25.469
0.11888 30.407
0.11893 21.53
0.11898 21.091
0.11903 20.268
0.11908 38.511
0.11912 23.994
0.11917 20.44
0.11922 29.488
0.11927 20.272
0.11931 21.532
0.11936 12.46
0.11941 34.504
0.11946 14.851
0.11951 21.477
0.11955 33.183
0.1196 21.627
0.11965 24.347
0.1197 35.155
0.11975 32.905
0.11979 23.842
0.11984 21.196
0.11989 20.13
0.11994 22.766
0.11999 17.352
0.12003 20.902
0.12008 27.707
0.12013 35.729
0.12018 19.304
0.12023 17.418
0.12027 36.506
0.12032 26.096
0.12037 15.697
0.12042 36.836
0.12047 22.478
0.12051 15.187
0.12056 41.642
0.12061 21.056
0.12066 26.62
0.12071 29.481
0.12075 14.658
0.1208 31.532
0.12085 25.418
0.1209 21.679
0.12094 32.679
0.12099 31.847
0.12104 25.578
0.12109 14.062
0.12114 17.398
0.12118 17.742
0.12123 14.181
0.12128 21.522
0.12133 16.498
0.12138 19.599
0.12142 25.77
0.12147 29.566
0.12152 16.309
0.12157 14.628
0.12162 19.728
0.12166 29.243
0.12171 17.913
0.12176 20.429
0.12181 29.601
0.12186 20.323
0.1219 22.25
0.12195 12.794
0.122 16.913
0.12205 13.96
0.1221 29.065
0.12214 14.473
0.12219 28.393
0.12224 22.157
0.12229 14.077
0.12233 17.69
0.12238 16.547
0.12243 13.794
0.12248 8.2446
0.12253 15.919
0.12257 23.503
0.12262 18.052
0.12267 30.343
0.12272 15.099
0.12277 14.266
0.12281 30.922
0.12286 27.082
0.12291 10.671
0.12296 17.447
0.12301 13.728
0.12305 21.827
0.1231 25.056
0.12315 25.25
0.1232 12.904
0.12325 39.04
0.12329 11.302
0.12334 36.836
0.12339 37.991
0.12344 17.52
0.12349 13.689
0.12353 25.164
0.12358 22.452
0.12363 14.429
0.12368 12.773
0.12373 17.215
0.12377 16.857
0.12382 16.023
0.12387 17.693
0.12392 17.163
0.12396 17.107
0.12401 21.503
0.12406 17.994
0.12411 7.3981
0.12416 12.106
0.1242 18.283
0.12425 16.86
0.1243 24.257
0.12435 26.144
0.1244 20.645
0.12444 17.578
0.12449 19.85
0.12454 15.532
0.12459 12.521
0.12464 10.473
0.12468 7.8395
0.12473 17.446
0.12478 10.328
0.12483 13.539
0.12488 15.629
0.12492 19.962
0.12497 13.025
0.12502 19.794
0.12507 16.735
0.12512 16.75
0.12516 14.29
0.12521 16.858
0.12526 17.463
0.12531 13.41
0.12535 30.819
0.1254 18.652
0.12545 19.508
0.1255 9.3118
0.12555 21.446
0.12559 22.036
0.12564 19.569
0.12569 16.995
0.12574 13.221
0.12579 10.077
0.12583 18.177
0.12588 16.978
0.12593 9.3263
0.12598 14.331
0.12603 17.533
0.12607 14.797
0.12612 14.64
0.12617 22.489
0.12622 19.796
0.12627 16.918
0.12631 13.77
0.12636 13.543
0.12641 28.079
0.12646 12.454
0.12651 9.3147
0.12655 14.083
0.1266 9.9105
0.12665 16.305
0.1267 19.114
0.12675 17.824
0.12679 19.526
0.12684 10.979
0.12689 17.028
0.12694 14.669
0.12698 6.8528
0.12703 14.642
0.12708 11.36
0.12713 15.047
0.12718 13.718
0.12722 13.508
0.12727 15.721
0.12732 21.292
0.12737 14.261
0.12742 6.6911
0.12746 21.938
0.12751 7.4058
0.12756 12.089
0.12761 15.84
0.12766 8.4146
0.1277 10.546
0.12775 25.096
0.1278 18.999
0.12785 12.667
0.1279 12.63
0.12794 14.651
0.12799 13.553
0.12804 11.621
0.12809 18.931
0.12814 5.7757
0.12818 12.491
0.12823 13.059
0.12828 8.6398
0.12833 13.556
0.12838 8.581
0.12842 9.765
0.12847 16.438
0.12852 11.974
0.12857 9.5859
0.12861 14.445
0.12866 15.265
0.12871 13.008
0.12876 12.669
0.12881 15.528
0.12885 24.89
0.1289 14.382
0.12895 14.777
0.129 9.906
0.12905 10.671
0.12909 13.512
0.12914 17.575
0.12919 11.082
0.12924 18.22
0.12929 10.852
0.12933 13.693
0.12938 22.939
0.12943 9.8155
0.12948 12.664
0.12953 17.193
0.12957 6.1703
0.12962 12.656
0.12967 12.651
0.12972 10.256
0.12977 16.999
0.12981 17.178
0.12986 11.674
0.12991 11.287
0.12996 9.8331
0.13 22.058
0.13005 13.501
0.1301 12.313
0.13015 19.116
0.1302 10.348
0.13024 10.707
0.13029 15.898
0.13034 18.9
0.13039 14.527
0.13044 14.188
0.13048 13.78
0.13053 12.11
0.13058 12.895
0.13063 13.267
0.13068 10.369
0.13072 14.395
0.13077 13.167
0.13082 19.747
0.13087 17.812
0.13092 8.8992
0.13096 10.812
0.13101 9.5077
0.13106 11.719
0.13111 17.239
0.13116 11.289
0.1312 14.281
0.13125 5.8773
0.1313 12.607
0.13135 13.414
0.1314 11.102
0.13144 8.7684
0.13149 15.099
0.13154 10.608
0.13159 11.263
0.13163 14.41
0.13168 9.425
0.13173 14.671
0.13178 10.746
0.13183 5.9587
0.13187 13.894
0.13192 16.21
0.13197 8.5127
0.13202 12.08
0.13207 6.8372
0.13211 9.3981
0.13216 5.0603
0.13221 8.0446
0.13226 9.6792
0.13231 12.557
0.13235 6.1043
0.1324 12.783
0.13245 7.6539
0.1325 15.348
0.13255 8.2662
0.13259 5.8498
0.13264 7.1894
0.13269 15.914
0.13274 12.126
0.13279 8.4368
0.13283 9.7261
0.13288 14.719
0.13293 8.6357
0.13298 7.5653
0.13302 9.3355
0.13307 17.187
0.13312 12.994
0.13317 7.0009
0.13322 9.0481
0.13326 3.8718
0.13331 7.2861
0.13336 10.935
0.13341 14.527
0.13346 9.9658
0.1335 6.228
0.13355 10.405
0.1336 10.993
0.13365 15.069
0.1337 6.4784
0.13374 10.829
0.13379 7.4221
0.13384 4.3281
0.13389 14.031
0.13394 9.8043
0.13398 10.347
0.13403 6.156
0.13408 9.7179
0.13413 10.223
0.13418 8.108
0.13422 8.3474
0.13427 5.7901
0.13432 13.013
0.13437 8.3446
0.13442 9.4597
0.13446 5.9381
0.13451 12.715
0.13456 9.8897
0.13461 9.5357
0.13465 15.439
0.1347 6.4847
0.13475 9.4463
0.1348 10.262
0.13485 9.2042
0.13489 11.77
0.13494 9.5074
0.13499 8.0903
0.13504 9.5823
0.13509 8.2751
0.13513 10.558
0.13518 12.131
0.13523 7.0457
0.13528 8.398
0.13533 10.544
0.13537 9.4254
0.13542 7.6546
0.13547 3.8544
0.13552 8.5059
0.13557 8.4492
0.13561 8.2609
0.13566 10.367
0.13571 10.757
0.13576 9.6857
0.13581 11.027
0.13585 9.462
0.1359 8.0244
0.13595 9.4981
0.136 7.5419
0.13604 11.333
0.13609 8.0719
0.13614 9.296
0.13619 8.3256
0.13624 10.262
0.13628 9.0643
0.13633 7.5865
0.13638 10.708
0.13643 14.325
0.13648 7.6211
0.13652 13.235
0.13657 9.5716
0.13662 6.178
0.13667 11.022
0.13672 8.8597
0.13676 8.5366
0.13681 6.6125
0.13686 7.4096
0.13691 9.226
0.13696 9.8898
0.137 10.114
0.13705 7.8351
0.1371 11.663
0.13715 6.1714
0.1372 6.2832
0.13724 6.68
0.13729 8.9045
0.13734 4.9737
0.13739 9.6378
0.13744 5.6177
0.13748 7.5655
0.13753 6.2055
0.13758 4.5442
0.13763 7.8803
0.13767 11.813
0.13772 7.3309
0.13777 6.7489
0.13782 4.6675
0.13787 7.4333
0.13791 5.5533
0.13796 7.2527
0.13801 10.263
0.13806 5.7487
0.13811 6.0354
0.13815 7.4496
0.1382 7.4939
0.13825 7.4932
0.1383 7.4323
0.13835 4.9642
0.13839 7.1662
0.13844 5.7237
0.13849 9.76
0.13854 8.1353
0.13859 6.9677
0.13863 5.9907
0.13868 8.9102
0.13873 7.0291
0.13878 9.8502
0.13883 8.4215
0.13887 7.1672
0.13892 7.1816
0.13897 8.4698
0.13902 8.3221
0.13906 5.6121
0.13911 5.2481
0.13916 3.7111
0.13921 6.9013
0.13926 6.698
0.1393 3.9338
0.13935 11.362
0.1394 6.1964
0.13945 6.2343
0.1395 11.939
0.13954 5.9875
0.13959 4.4745
0.13964 7.0976
0.13969 5.5818
0.13974 8.509
0.13978 4.239
0.13983 7.8082
0.13988 8.8422
0.13993 5.5153
0.13998 5.1414
0.14002 10.472
0.14007 6.9866
0.14012 4.1733
0.14017 3.4821
0.14022 5.3861
0.14026 3.5504
0.14031 4.8552
0.14036 6.1536
0.14041 6.4786
0.14046 7.8719
0.1405 5.2202
0.14055 6.3333
0.1406 5.139
0.14065 5.8243
0.14069 8.4697
0.14074 4.7215
0.14079 5.7054
0.14084 4.6194
0.14089 7.7548
0.14093 7.8893
0.14098 5.8344
0.14103 8.1408
0.14108 6.7091
0.14113 10.017
0.14117 7.1485
0.14122 5.69
0.14127 5.7564
0.14132 3.865
0.14137 9.0837
0.14141 6.6803
0.14146 7.3758
0.14151 6.2139
0.14156 5.3668
0.14161 6.4081
0.14165 5.0922
0.1417 5.6935
0.14175 3.5727
0.1418 4.594
0.14185 3.4332
0.14189 5.9098
0.14194 5.5806
0.14199 6.4583
0.14204 6.6422
0.14208 10.487
0.14213 12.871
0.14218 3.5192
0.14223 7.6026
0.14228 3.6159
0.14232 3.9071
0.14237 7.1033
0.14242 7.0982
0.14247 5.7524
0.14252 7.1198
0.14256 6.2228
0.14261 6.6318
0.14266 5.3789
0.14271 5.2344
0.14276 6.4336
0.1428 7.2452
0.14285 5.0375
0.1429 4.2389
0.14295 4.4009
0.143 3.9694
0.14304 5.5382
0.14309 4.3647
0.14314 7.901
0.14319 4.664
0.14324 6.6235
0.14328 5.4003
0.14333 10.615
0.14338 5.1687
0.14343 5.6975
0.14348 4.7107
0.14352 7.0849
0.14357 4.4575
0.14362 4.6226
0.14367 2.7217
0.14371 4.7481
0.14376 4.7761
0.14381 3.2274
0.14386 4.3807
0.14391 5.7696
0.14395 10.893
0.144 3.4408
0.14405 6.9821
0.1441 5.1886
0.14415 4.9186
0.14419 7.2724
0.14424 5.9994
0.14429 5.8165
0.14434 5.1501
0.14439 4.8022
0.14443 4.2181
0.14448 3.3727
0.14453 5.592
0.14458 5.387
0.14463 4.5536
0.14467 5.7632
0.14472 4.395
0.14477 4.7012
0.14482 5.2028
0.14487 4.1962
0.14491 4.4652
0.14496 4.6237
0.14501 4.3524
0.14506 4.0641
0.1451 7.1192
0.14515 3.3566
0.1452 2.8416
0.14525 6.2896
0.1453 6.2396
0.14534 4.8654
0.14539 6.579
0.14544 3.956
0.14549 4.4872
0.14554 3.5817
0.14558 5.1464
0.14563 3.4783
0.14568 6.771
0.14573 5.6314
0.14578 4.4505
0.14582 2.5708
0.14587 5.6427
0.14592 7.0649
0.14597 8.2836
0.14602 5.7962
0.14606 3.7229
0.14611 4.3017
0.14616 6.8936
0.14621 2.271
0.14626 3.1394
0.1463 4.986
0.14635 5.68
0.1464 4.3045
0.14645 5.5815
0.1465 5.4614
0.14654 4.1221
0.14659 5.2879
0.14664 4.041
0.14669 4.0613
0.14673 4.1471
0.14678 3.8557
0.14683 4.3518
0.14688 4.7504
0.14693 6.0612
0.14697 4.823
0.14702 5.9948
0.14707 4.2594
0.14712 5.0295
0.14717 3.8155
0.14721 6.4167
0.14726 5.2045
0.14731 2.9726
0.14736 5.9005
0.14741 4.7349
0.14745 4.5656
0.1475 3.0085
0.14755 2.27
0.1476 4.5281
0.14765 4.372
0.14769 2.8557
0.14774 3.1191
0.14779 4.6068
0.14784 4.9443
0.14789 4.6848
0.14793 4.2865
0.14798 2.9332
0.14803 5.5498
0.14808 3.1935
0.14813 4.346
0.14817 4.8451
0.14822 4.1889
0.14827 4.641
0.14832 5.3011
0.14836 5.2338
0.14841 2.4655
0.14846 5.5633
0.14851 2.5945
0.14856 4.4218
0.1486 4.8571
0.14865 3.3382
0.1487 2.5646
0.14875 4.585
0.1488 4.065
0.14884 4.0032
0.14889 3.7552
0.14894 4.2429
0.14899 4.608
0.14904 4.7603
0.14908 4.5983
0.14913 4.1438
0.14918 4.4528
0.14923 6.5481
0.14928 2.8028
0.14932 3.4178
0.14937 5.0428
0.14942 2.722
0.14947 3.3091
0.14952 3.4519
0.14956 3.0888
0.14961 3.4827
0.14966 3.5075
0.14971 4.7953
0.14975 3.6539
0.1498 5.2727
0.14985 4.816
0.1499 3.2136
0.14995 2.8275
0.14999 3.9927
0.15004 2.3551
0.15009 2.7942
0.15014 3.5227
0.15019 4.048
0.15023 4.9276
0.15028 3.7661
0.15033 3.4051
0.15038 4.4047
0.15043 4.1278
0.15047 3.46
0.15052 4.9066
0.15057 4.8997
0.15062 6.5276
0.15067 5.0398
0.15071 4.611
0.15076 3.1807
0.15081 4.1388
0.15086 3.6535
0.15091 3.7201
0.15095 2.7199
0.151 3.3765
0.15105 3.1193
0.1511 4.2055
0.15115 3.3137
0.15119 3.2188
0.15124 4.3067
0.15129 3.1351
0.15134 2.9838
0.15138 3.0471
0.15143 2.2263
0.15148 3.5334
0.15153 2.9747
0.15158 2.4969
0.15162 2.7787
0.15167 3.9112
0.15172 3.3212
0.15177 4.2624
0.15182 3.8759
0.15186 2.9936
0.15191 3.0232
0.15196 2.8689
0.15201 3.8176
0.15206 2.7291
0.1521 3.3312
0.15215 3.9894
0.1522 3.5707
0.15225 3.4598
0.1523 2.7961
0.15234 3.2075
0.15239 4.3582
0.15244 3.6164
0.15249 4.1749
0.15254 3.6282
0.15258 3.7388
0.15263 4.0789
0.15268 4.3861
0.15273 3.5397
0.15277 3.3876
0.15282 2.9992
0.15287 2.7941
0.15292 3.1978
0.15297 2.8342
0.15301 2.6283
0.15306 4.601
0.15311 3.456
0.15316 2.5695
0.15321 2.8719
0.15325 3.1634
0.1533 2.9592
0.15335 2.7561
0.1534 3.0225
0.15345 3.4805
0.15349 4.7826
0.15354 3.1418
0.15359 2.8461
0.15364 3.4173
0.15369 3.1894
0.15373 3.1757
0.15378 3.8629
0.15383 2.9542
0.15388 3.5959
0.15393 2.8036
0.15397 4.823
0.15402 3.7456
0.15407 2.7962
0.15412 3.3648
0.15417 3.2706
0.15421 3.6083
0.15426 2.8683
0.15431 2.7683
0.15436 2.7998
0.1544 2.1627
0.15445 3.6296
0.1545 2.5999
0.15455 2.796
0.1546 3.06
0.15464 4.8303
0.15469 3.6044
0.15474 3.5095
0.15479 3.1482
0.15484 4.0081
0.15488 2.6701
0.15493 1.8644
0.15498 2.5968
0.15503 4.0245
0.15508 3.032
0.15512 3.2447
0.15517 2.254
0.15522 2.6946
0.15527 3.1214
0.15532 2.7614
0.15536 2.6491
0.15541 1.9422
0.15546 2.9035
0.15551 3.3662
0.15556 3.0325
0.1556 3.3422
0.15565 3.3253
0.1557 2.5924
0.15575 3.6106
0.15579 2.9957
0.15584 3.057
0.15589 2.8785
0.15594 3.7091
0.15599 3.3719
0.15603 2.8646
0.15608 2.8641
0.15613 2.6206
0.15618 3.7654
0.15623 3.2595
0.15627 3.3535
0.15632 2.8075
0.15637 2.9066
0.15642 3.3308
0.15647 2.8691
0.15651 2.7581
0.15656 4.1127
0.15661 2.1825
0.15666 3.8329
0.15671 2.2088
0.15675 3.2503
0.1568 2.839
0.15685 2.4809
0.1569 3.4476
0.15695 3.524
0.15699 2.9397
0.15704 2.4452
0.15709 4.2121
0.15714 3.0884
0.15719 3.5997
0.15723 2.8407
0.15728 3.4403
0.15733 3.0593
0.15738 3.4922
0.15742 3.8771
0.15747 2.3547
0.15752 2.5405
0.15757 2.1349
0.15762 2.9019
0.15766 1.8953
0.15771 3.1477
0.15776 2.8722
0.15781 3.2451
0.15786 3.3106
0.1579 2.7157
0.15795 3.839
0.158 3.2447
0.15805 2.8994
0.1581 2.935
0.15814 3.7761
0.15819 2.7265
0.15824 4.7276
0.15829 3.8276
0.15834 2.3272
0.15838 2.7584
0.15843 3.1317
0.15848 3.3514
0.15853 2.78
0.15858 2.8659
0.15862 2.6587
0.15867 2.881
0.15872 2.9147
0.15877 1.6339
0.15881 2.4453
0.15886 2.4595
0.15891 2.4417
0.15896 1.9427
0.15901 2.969
0.15905 3.0252
0.1591 2.5679
0.15915 2.7197
0.1592 2.5807
0.15925 2.9067
0.15929 2.7149
0.15934 2.6425
0.15939 2.7958
0.15944 1.906
0.15949 2.7518
0.15953 2.8131
0.15958 3.9185
0.15963 4.0346
0.15968 2.5293
0.15973 2.0639
0.15977 2.4744
0.15982 2.9059
0.15987 2.9378
0.15992 2.7671
0.15997 2.5359
0.16001 1.982
0.16006 3.2287
0.16011 3.0883
0.16016 2.8448
0.16021 3.167
0.16025 3.1884
0.1603 3.4439
0.16035 2.7467
0.1604 2.7034
0.16044 2.9504
0.16049 2.1563
0.16054 3.799
0.16059 3.0451
0.16064 1.5349
0.16068 2.7323
0.16073 2.69
0.16078 2.2864
0.16083 2.5354
0.16088 2.0267
0.16092 2.2113
0.16097 2.3834
0.16102 2.1334
0.16107 2.5308
0.16112 2.7117
0.16116 2.9339
0.16121 2.7694
0.16126 2.7009
0.16131 2.842
0.16136 2.6098
0.1614 2.3761
0.16145 2.394
0.1615 1.7709
0.16155 2.3243
0.1616 2.5643
0.16164 2.8447
0.16169 2.7173
0.16174 2.7045
0.16179 2.7818
0.16183 2.5776
0.16188 2.5856
0.16193 2.2444
0.16198 3.329
0.16203 3.2906
0.16207 3.2641
0.16212 3.7446
0.16217 2.1883
0.16222 2.9477
0.16227 2.1978
0.16231 2.2665
0.16236 2.7543
0.16241 2.4122
0.16246 2.881
0.16251 2.4298
0.16255 3.1338
0.1626 2.3982
0.16265 2.6415
0.1627 2.1134
0.16275 2.9893
0.16279 3.0143
0.16284 2.6143
0.16289 2.9765
0.16294 3.2882
0.16299 2.5895
0.16303 2.8999
0.16308 2.7759
0.16313 2.8695
0.16318 2.4584
0.16323 2.6723
0.16327 2.3361
0.16332 2.1992
0.16337 2.7275
0.16342 3.3837
0.16346 2.6926
0.16351 2.5004
0.16356 2.8491
0.16361 2.1277
0.16366 2.6793
0.1637 2.0966
0.16375 2.434
0.1638 2.823
0.16385 2.8947
0.1639 2.5528
0.16394 3.0103
0.16399 3.2753
0.16404 2.4933
0.16409 3.1112
0.16414 1.9937
0.16418 2.6811
0.16423 2.291
0.16428 2.9149
0.16433 2.3353
0.16438 2.984
0.16442 2.3136
0.16447 2.3569
0.16452 2.4559
0.16457 2.3282
0.16462 2.9432
0.16466 2.1344
0.16471 2.5735
0.16476 2.7561
0.16481 2.0315
0.16485 3.1359
0.1649 2.8043
0.16495 3.256
0.165 2.6853
0.16505 1.8632
0.16509 2.3024
0.16514 2.6485
0.16519 2.4052
0.16524 2.7526
0.16529 2.389
0.16533 2.8322
0.16538 2.5539
0.16543 2.1802
0.16548 2.8115
0.16553 2.4188
0.16557 2.95
0.16562 2.5265
0.16567 2.9962
0.16572 2.4616
0.16577 2.261
0.16581 2.5062
0.16586 1.7491
0.16591 2.59
0.16596 2.1626
0.16601 2.9652
0.16605 2.8885
0.1661 3.4836
0.16615 2.7879
0.1662 1.875
0.16625 2.996
0.16629 2.5262
0.16634 2.7026
0.16639 2.3779
0.16644 2.587
0.16648 2.2496
0.16653 2.7215
0.16658 2.0481
0.16663 2.403
0.16668 2.4619
0.16672 2.9724
0.16677 2.5558
0.16682 2.5137
0.16687 2.4385
0.16692 2.8031
0.16696 2.1005
0.16701 2.6917
0.16706 2.8191
0.16711 2.6428
0.16716 2.0766
0.1672 2.818
0.16725 2.7372
0.1673 2.9006
0.16735 2.4541
0.1674 2.3283
0.16744 2.2174
0.16749 2.8132
0.16754 2.3116
0.16759 2.7658
0.16764 2.321
0.16768 2.6107
0.16773 2.3519
0.16778 3.1474
0.16783 2.781
0.16788 2.6133
0.16792 2.3993
0.16797 2.5552
0.16802 2.2036
0.16807 2.3989
0.16811 2.3321
0.16816 2.4952
0.16821 2.8966
0.16826 1.9552
0.16831 2.3679
0.16835 2.6674
0.1684 2.2887
0.16845 2.1827
0.1685 2.0232
0.16855 2.5075
0.16859 2.0663
0.16864 2.0894
0.16869 2.6614
0.16874 2.4868
0.16879 2.4321
0.16883 2.3983
0.16888 2.4186
0.16893 2.5962
0.16898 2.6365
0.16903 2.1557
0.16907 2.539
0.16912 2.1102
0.16917 2.264
0.16922 2.3152
0.16927 2.0376
0.16931 2.3874
0.16936 2.1188
0.16941 2.2094
0.16946 2.6024
0.1695 2.4891
0.16955 2.696
0.1696 2.4854
0.16965 2.6472
0.1697 2.6225
0.16974 2.4455
0.16979 2.5457
0.16984 2.3516
0.16989 2.8971
0.16994 2.138
0.16998 2.5779
0.17003 2.232
0.17008 2.0085
0.17013 2.1156
0.17018 2.5464
0.17022 2.5285
0.17027 2.4756
0.17032 2.7303
0.17037 2.6965
0.17042 2.6591
0.17046 2.5624
0.17051 2.1009
0.17056 2.4543
0.17061 2.4836
0.17066 2.424
0.1707 2.511
0.17075 2.3896
0.1708 2.1596
0.17085 2.2328
0.1709 2.3027
0.17094 2.4921
0.17099 1.9768
0.17104 2.1851
0.17109 2.2415
0.17113 2.5615
0.17118 1.9625
0.17123 2.3345
0.17128 2.4973
0.17133 2.7717
0.17137 2.7766
0.17142 2.2318
0.17147 2.2252
0.17152 2.4864
0.17157 2.4215
0.17161 2.63
0.17166 2.2876
0.17171 2.3379
0.17176 2.0351
0.17181 2.4608
0.17185 2.5194
0.1719 2.6338
0.17195 2.3277
0.172 2.0537
0.17205 2.7348
0.17209 2.3999
0.17214 2.7855
0.17219 2.5441
0.17224 2.9903
0.17229 2.3636
0.17233 2.1917
0.17238 2.4421
0.17243 2.3082
0.17248 2.1506
0.17252 2.7648
0.17257 2.3476
0.17262 1.7443
0.17267 2.3668
0.17272 2.4726
0.17276 2.69
0.17281 2.1911
0.17286 2.5155
0.17291 2.1896
0.17296 2.3337
0.173 2.0759
0.17305 2.6706
0.1731 2.4765
0.17315 2.2305
0.1732 2.0174
0.17324 2.374
0.17329 2.2741
0.17334 2.1525
0.17339 2.9174
0.17344 2.0974
0.17348 2.9158
0.17353 2.5862
0.17358 2.3273
0.17363 2.2604
0.17368 2.2469
0.17372 2.2442
0.17377 2.0071
0.17382 2.4289
0.17387 2.5489
0.17392 2.1308
0.17396 1.8608
0.17401 2.3587
0.17406 2.7409
0.17411 2.13
0.17415 2.3075
0.1742 2.5017
0.17425 2.3642
0.1743 2.4135
0.17435 2.3713
0.17439 2.1934
0.17444 2.7312
0.17449 2.1999
0.17454 1.9098
0.17459 2.201
0.17463 2.1514
0.17468 2.1112
0.17473 2.2116
0.17478 2.7596
0.17483 2.3041
0.17487 2.6289
0.17492 2.0322
0.17497 2.3684
0.17502 2.0988
0.17507 2.4299
0.17511 2.2035
0.17516 2.5008
0.17521 2.6133
0.17526 1.9411
0.17531 2.3169
0.17535 2.0008
0.1754 2.4418
0.17545 2.3846
0.1755 2.3598
0.17554 2.1963
0.17559 2.5005
0.17564 1.944
0.17569 2.2979
0.17574 2.0046
0.17578 2.1748
0.17583 2.0795
0.17588 2.037
0.17593 2.1539
0.17598 2.2143
0.17602 2.3975
0.17607 2.627
0.17612 2.5957
0.17617 1.983
0.17622 2.289
0.17626 2.1845
0.17631 2.7677
0.17636 2.2042
0.17641 2.0838
0.17646 2.0633
0.1765 2.2915
0.17655 2.1712
0.1766 2.3818
0.17665 2.0786
0.1767 2.0428
0.17674 2.2481
0.17679 2.4066
0.17684 2.5151
0.17689 2.0937
0.17694 2.2235
0.17698 2.5001
0.17703 2.2652
0.17708 2.4948
0.17713 2.7374
0.17717 2.4338
0.17722 2.626
0.17727 2.2367
0.17732 2.2635
0.17737 2.3705
0.17741 1.9471
0.17746 1.9981
0.17751 2.3681
0.17756 2.4385
0.17761 2.2141
0.17765 2.2641
0.1777 2.1878
0.17775 2.4434
0.1778 2.271
0.17785 1.946
0.17789 2.5162
0.17794 2.2935
0.17799 2.0451
0.17804 2.2657
0.17809 2.0887
0.17813 1.9944
0.17818 2.2965
0.17823 2.1466
0.17828 1.8948
0.17833 2.324
0.17837 2.5231
0.17842 2.3047
0.17847 2.4899
0.17852 2.4941
0.17856 2.1593
0.17861 2.202
0.17866 2.4063
0.17871 2.2295
0.17876 1.9495
0.1788 2.2942
0.17885 1.753
0.1789 2.091
0.17895 2.2911
0.179 2.2203
0.17904 2.1946
0.17909 2.1157
0.17914 2.1936
0.17919 2.4884
0.17924 2.5519
0.17928 2.3137
0.17933 2.1127
0.17938 2.0327
0.17943 2.3273
0.17948 2.1593
0.17952 2.0308
0.17957 2.1772
0.17962 1.9374
0.17967 2.1999
0.17972 1.9964
0.17976 2.2184
0.17981 2.192
0.17986 2.448
0.17991 2.1617
0.17996 2.0498
0.18 1.8706
0.18005 2.1128
0.1801 2.3466
0.18015 2.2102
0.18019 2.1293
0.18024 2.2897
0.18029 2.2827
0.18034 2.2858
0.18039 2.1502
0.18043 2.4403
0.18048 2.1807
0.18053 2.4278
0.18058 2.279
0.18063 2.0688
0.18067 2.0132
0.18072 2.147
0.18077 1.9336
0.18082 2.0061
0.18087 1.9538
0.18091 2.1865
0.18096 2.2466
0.18101 1.9827
0.18106 2.1993
0.18111 2.2738
0.18115 2.6515
0.1812 2.2363
0.18125 2.4657
0.1813 2.1622
0.18135 2.3345
0.18139 2.2478
0.18144 2.119
0.18149 2.1839
0.18154 2.2036
0.18158 2.5391
0.18163 2.1827
0.18168 1.8241
0.18173 2.2296
0.18178 2.384
0.18182 2.3233
0.18187 2.1781
0.18192 2.1984
0.18197 2.2024
0.18202 2.4659
0.18206 2.309
0.18211 2.444
0.18216 2.4284
0.18221 2.2926
0.18226 2.601
0.1823 2.0797
0.18235 2.3281
0.1824 2.5808
0.18245 2.2873
0.1825 2.2978
0.18254 2.2658
0.18259 2.2338
0.18264 2.0742
0.18269 2.2561
0.18274 2.1515
0.18278 2.3184
0.18283 2.2263
0.18288 2.4325
0.18293 1.9284
0.18298 2.318
0.18302 1.8375
0.18307 2.1416
0.18312 2.1811
0.18317 2.2684
0.18321 2.0765
0.18326 2.1748
0.18331 2.1717
0.18336 2.3757
0.18341 2.0616
0.18345 2.2834
0.1835 2.2591
0.18355 2.174
0.1836 2.1051
0.18365 2.0541
0.18369 2.1016
0.18374 2.1427
0.18379 2.2061
0.18384 2.0679
0.18389 2.0477
0.18393 1.8114
0.18398 2.249
0.18403 2.169
0.18408 2.4215
0.18413 2.3162
0.18417 2.086
0.18422 2.2781
0.18427 2.2178
0.18432 2.1082
0.18437 2.054
0.18441 2.0958
0.18446 2.069
0.18451 1.9232
0.18456 2.3219
0.18461 2.0539
0.18465 2.5831
0.1847 2.0319
0.18475 2.1074
0.1848 1.8982
0.18484 2.2072
0.18489 2.1407
0.18494 2.2427
0.18499 2.207
0.18504 2.2066
0.18508 2.2226
0.18513 2.0556
0.18518 2.036
0.18523 2.0621
0.18528 2.0769
0.18532 2.1428
0.18537 2.1819
0.18542 2.1969
0.18547 2.234
0.18552 1.9926
0.18556 2.0389
0.18561 2.3282
0.18566 1.9371
0.18571 2.0763
0.18576 2.2102
0.1858 2.1488
0.18585 2.1188
0.1859 1.978
0.18595 2.2882
0.186 2.2396
0.18604 2.0782
0.18609 1.9595
0.18614 2.1904
0.18619 2.0564
0.18623 2.0152
0.18628 2.2645
0.18633 2.627
0.18638 2.0865
0.18643 2.0828
0.18647 2.3931
0.18652 2.3598
0.18657 2.3704
0.18662 2.3799
0.18667 2.1558
0.18671 2.19
0.18676 1.9489
0.18681 2.0182
0.18686 2.2209
0.18691 2.2183
0.18695 2.1965
0.187 1.8498
0.18705 2.0732
0.1871 2.1103
0.18715 1.9692
0.18719 2.3174
0.18724 2.0032
0.18729 2.0863
0.18734 2.0931
0.18739 2.0635
0.18743 1.993
0.18748 2.1752
0.18753 1.9517
0.18758 2.1327
0.18763 1.9118
0.18767 2.2134
0.18772 2.1657
0.18777 2.228
0.18782 2.2786
0.18786 1.9029
0.18791 2.0678
0.18796 1.98
0.18801 2.491
0.18806 2.0994
0.1881 2.3048
0.18815 2.0938
0.1882 2.2691
0.18825 1.9635
0.1883 2.1034
0.18834 2.0624
0.18839 2.2423
0.18844 2.0816
0.18849 2.111
0.18854 2.2203
0.18858 2.0426
0.18863 2.0828
0.18868 2.0701
0.18873 1.9617
0.18878 2.2344
0.18882 2.0637
0.18887 2.262
0.18892 2.24
0.18897 2.21
0.18902 2.2065
0.18906 2.1093
0.18911 1.9754
0.18916 2.003
0.18921 2.0349
0.18925 2.0676
0.1893 2.052
0.18935 2.2517
0.1894 2.1427
0.18945 2.249
0.18949 2.0091
0.18954 2.1304
0.18959 2.1178
0.18964 2.2033
0.18969 1.9451
0.18973 2.1413
0.18978 2.0756
0.18983 2.0953
0.18988 2.1886
0.18993 2.3306
0.18997 2.1835
0.19002 2.293
0.19007 2.0077
0.19012 1.945
0.19017 1.9807
0.19021 2.2352
0.19026 2.2354
0.19031 1.9346
0.19036 1.9645
0.19041 2.2003
0.19045 2.2359
0.1905 2.1944
0.19055 2.214
0.1906 2.4649
0.19065 2.0783
0.19069 2.2305
0.19074 2.0437
0.19079 1.9736
0.19084 2.2062
0.19088 1.9843
0.19093 2.1962
0.19098 1.9641
0.19103 2.1807
0.19108 2.1409
0.19112 2.1547
0.19117 1.9281
0.19122 2.1377
0.19127 2.1278
0.19132 2.1393
0.19136 1.9595
0.19141 2.2665
0.19146 2.0718
0.19151 1.9563
0.19156 2.2118
0.1916 2.2183
0.19165 2.1861
0.1917 2.1547
0.19175 2.0357
0.1918 2.1734
0.19184 2.133
0.19189 2.1609
0.19194 2.1019
0.19199 1.99
0.19204 2.2288
0.19208 2.0902
0.19213 2.3163
0.19218 2.1
0.19223 2.1636
0.19227 2.2649
0.19232 2.2131
0.19237 2.1378
0.19242 2.0377
0.19247 2.3015
0.19251 2.0976
0.19256 2.0118
0.19261 2.443
0.19266 2.2587
0.19271 2.1591
0.19275 2.2909
0.1928 2.1166
0.19285 2.282
0.1929 2.2603
0.19295 2.1313
0.19299 2.0926
0.19304 2.0553
0.19309 2.0994
0.19314 2.3199
0.19319 2.1956
0.19323 2.2052
0.19328 1.9211
0.19333 2.2715
0.19338 1.9568
0.19343 2.2805
0.19347 2.119
0.19352 2.2237
0.19357 2.1128
0.19362 2.2006
0.19367 1.9291
0.19371 2.1691
0.19376 2.1962
0.19381 2.1052
0.19386 1.7916
0.1939 2.2015
0.19395 2.2479
0.194 1.9689
0.19405 2.1151
0.1941 1.9772
0.19414 2.2401
0.19419 2.2821
0.19424 2.0609
0.19429 2.0306
0.19434 2.0408
0.19438 2.1631
0.19443 2.1381
0.19448 2.1494
0.19453 2.0168
0.19458 2.1894
0.19462 2.0254
0.19467 2.2698
0.19472 1.8099
0.19477 2.079
0.19482 2.384
0.19486 2.0994
0.19491 2.1234
0.19496 1.9827
0.19501 2.1509
0.19506 1.9833
0.1951 2.2348
0.19515 2.0771
0.1952 2.004
0.19525 2.2254
0.19529 2.0507
0.19534 2.3145
0.19539 2.1051
0.19544 2.2342
0.19549 2.0233
0.19553 2.1117
0.19558 2.283
0.19563 2.0883
0.19568 2.2306
0.19573 2.1242
0.19577 2.0671
0.19582 2.1973
0.19587 2.2118
0.19592 2.1477
0.19597 2.3206
0.19601 2.1357
0.19606 2.2115
0.19611 2.2054
0.19616 2.276
0.19621 2.2019
0.19625 2.3166
0.1963 2.1498
0.19635 2.1356
